<?xml version="1.0"?>
<opencv_storage>
<mine1_mean>
  1.2506499166666667e+002 1.2506499166666667e+002
  1.2506499166666667e+002</mine1_mean>
<mine1_dev>
  8.9663441924509740e+001 8.5518704347630873e+001
  8.4974949334082780e+001</mine1_dev>
<mine2_mean>
  1.3343449166666667e+002 1.3343449166666667e+002
  1.3343449166666667e+002</mine2_mean>
<mine2_dev>
  9.4621429707439574e+001 9.0549228003288874e+001
  8.9594408840841936e+001</mine2_dev>
<mine3_mean>
  1.3304945833333332e+002</mine3_mean>
<mine3_dev>
  8.5590962531019528e+001</mine3_dev>
</opencv_storage>
