<?xml version="1.0"?>
<opencv_storage>
<vic>
  <_ type_id="opencv-matrix">
    <rows>3</rows>
    <cols>3</cols>
    <dt>f</dt>
    <data>
      5.13545156e-001 -4.16787773e-001 1.36626214e-001 -4.16787684e-001
      5.13936579e-001 -1.61750332e-001 1.36626214e-001 -1.61750376e-001
      1.87234536e-001</data></_>
  <_ type_id="opencv-matrix">
    <rows>3</rows>
    <cols>3</cols>
    <dt>f</dt>
    <data>
      5.28625250e-001 -3.98143530e-001 1.53065622e-001 -3.98143500e-001
      5.09981096e-001 -1.46187842e-001 1.53065652e-001 -1.46187872e-001
      2.32030511e-001</data></_>
  <_ type_id="opencv-matrix">
    <rows>3</rows>
    <cols>3</cols>
    <dt>f</dt>
    <data>
      5.30481160e-001 -4.01907921e-001 1.28760710e-001 -4.01907921e-001
      5.11391938e-001 -1.78772330e-001 1.28760710e-001 -1.78772345e-001
      1.92172706e-001</data></_>
  <_ type_id="opencv-matrix">
    <rows>3</rows>
    <cols>3</cols>
    <dt>f</dt>
    <data>
      5.40560544e-001 -3.72741669e-001 2.04539895e-001 -3.72741669e-001
      3.80976617e-001 -2.37302110e-001 2.04539865e-001 -2.37302095e-001
      2.97457159e-001</data></_>
  <_ type_id="opencv-matrix">
    <rows>3</rows>
    <cols>3</cols>
    <dt>f</dt>
    <data>
      2.32041389e-001 -1.93353608e-001 -3.89650883e-003 -1.93353564e-001
      8.23892295e-001 -1.75468892e-001 -3.89652839e-003 -1.75468892e-001
      3.61908764e-001</data></_>
  <_ type_id="opencv-matrix">
    <rows>3</rows>
    <cols>3</cols>
    <dt>f</dt>
    <data>
      4.54289943e-001 -3.27279687e-001 2.13794321e-001 -3.27279717e-001
      4.42280143e-001 -2.86349326e-001 2.13794336e-001 -2.86349326e-001
      3.58297467e-001</data></_>
  <_ type_id="opencv-matrix">
    <rows>3</rows>
    <cols>3</cols>
    <dt>f</dt>
    <data>
      2.87518919e-001 -3.17994416e-001 1.29588127e-001 -3.17994386e-001
      5.31648636e-001 -3.49591017e-001 1.29588097e-001 -3.49591047e-001
      3.92973036e-001</data></_>
  <_ type_id="opencv-matrix">
    <rows>3</rows>
    <cols>3</cols>
    <dt>f</dt>
    <data>
      2.44281456e-001 -3.10115516e-001 1.48121104e-001 -3.10115516e-001
      5.78342974e-001 -3.58176172e-001 1.48121104e-001 -3.58176172e-001
      3.36218148e-001</data></_>
  <_ type_id="opencv-matrix">
    <rows>3</rows>
    <cols>3</cols>
    <dt>f</dt>
    <data>
      4.62694317e-001 -3.86525899e-001 1.59417629e-001 -3.86525899e-001
      4.64627981e-001 -2.77763039e-001 1.59417614e-001 -2.77763069e-001
      2.57094711e-001</data></_>
  <_ type_id="opencv-matrix">
    <rows>3</rows>
    <cols>3</cols>
    <dt>f</dt>
    <data>
      8.23003575e-002 -1.59973785e-001 -7.97525398e-004 -1.59973815e-001
      9.26186740e-001 -1.35452092e-001 -7.97518238e-004 -1.35452092e-001
      2.18003809e-001</data></_>
  <_ type_id="opencv-matrix">
    <rows>3</rows>
    <cols>3</cols>
    <dt>f</dt>
    <data>
      4.43618506e-001 -4.11399573e-001 1.70772478e-001 -4.11399633e-001
      4.66032237e-001 -2.28702277e-001 1.70772478e-001 -2.28702247e-001
      2.90828824e-001</data></_></vic>
<vm>
  <_ type_id="opencv-matrix">
    <rows>1</rows>
    <cols>3</cols>
    <dt>f</dt>
    <data>
      1.12448305e-001 1.40762866e-001 1.24526255e-001</data></_>
  <_ type_id="opencv-matrix">
    <rows>1</rows>
    <cols>3</cols>
    <dt>f</dt>
    <data>
      1.60995811e-001 2.82790273e-001 3.86276603e-001</data></_>
  <_ type_id="opencv-matrix">
    <rows>1</rows>
    <cols>3</cols>
    <dt>f</dt>
    <data>
      1.37722105e-001 2.35290512e-001 7.07601428e-001</data></_>
  <_ type_id="opencv-matrix">
    <rows>1</rows>
    <cols>3</cols>
    <dt>f</dt>
    <data>
      1.77945837e-001 5.03920853e-001 9.60659444e-001</data></_>
  <_ type_id="opencv-matrix">
    <rows>1</rows>
    <cols>3</cols>
    <dt>f</dt>
    <data>
      2.88700521e-001 9.81241345e-001 9.82503951e-001</data></_>
  <_ type_id="opencv-matrix">
    <rows>1</rows>
    <cols>3</cols>
    <dt>f</dt>
    <data>
      2.48671100e-001 3.76337707e-001 2.05120116e-001</data></_>
  <_ type_id="opencv-matrix">
    <rows>1</rows>
    <cols>3</cols>
    <dt>f</dt>
    <data>
      4.28172827e-001 2.58995950e-001 1.62611961e-001</data></_>
  <_ type_id="opencv-matrix">
    <rows>1</rows>
    <cols>3</cols>
    <dt>f</dt>
    <data>
      6.31637812e-001 4.10392404e-001 4.32636559e-001</data></_>
  <_ type_id="opencv-matrix">
    <rows>1</rows>
    <cols>3</cols>
    <dt>f</dt>
    <data>
      3.62316519e-001 4.77231711e-001 4.32998329e-001</data></_>
  <_ type_id="opencv-matrix">
    <rows>1</rows>
    <cols>3</cols>
    <dt>f</dt>
    <data>
      9.00924325e-001 9.85336602e-001 9.75278378e-001</data></_>
  <_ type_id="opencv-matrix">
    <rows>1</rows>
    <cols>3</cols>
    <dt>f</dt>
    <data>
      6.72196686e-001 8.52633953e-001 9.73173559e-001</data></_></vm>
</opencv_storage>
